[gd_scene load_steps=12 format=2]

[ext_resource path="res://player.tscn" type="PackedScene" id=1]
[ext_resource path="res://Monster.tscn" type="PackedScene" id=2]
[ext_resource path="res://Grace Watson Quad.tscn" type="PackedScene" id=3]
[ext_resource path="res://GodotFPS-Assets/Models/Environment/Tree_1.obj" type="ArrayMesh" id=4]
[ext_resource path="res://GodotFPS-Assets/Models/Environment/Tree_2.obj" type="ArrayMesh" id=5]
[ext_resource path="res://UI2.tscn" type="PackedScene" id=6]
[ext_resource path="res://User Interface.gd" type="Script" id=7]
[ext_resource path="res://collectables/collectableHead.tscn" type="PackedScene" id=8]

[sub_resource type="BoxShape" id=1]

[sub_resource type="CubeMesh" id=2]

[sub_resource type="BakedLightmapData" id=3]
bounds = AABB( -10, -10, -10, 20, 20, 20 )
cell_space_transform = Transform( 4, 0, 0, 0, 4, 0, 0, 0, 4, 40, 40, 40 )
cell_subdiv = 8
energy = 4.2
octree = PoolByteArray( 0, 0, 0, 0, 0, 0, 0, 0, 0, 0, 0, 0, 0, 0, 0, 0, 0, 0, 0, 0, 0, 0, 0, 0, 0, 0, 0, 0, 0, 0, 0, 0, 0, 0, 0, 0, 0, 0, 0, 0, 255, 255, 255, 255, 255, 255, 255, 255, 255, 255, 255, 255, 255, 255, 255, 255, 255, 255, 255, 255, 255, 255, 255, 255, 255, 255, 255, 255, 255, 255, 255, 255 )

[node name="MainScene" type="Spatial"]
transform = Transform( 1, 0, 0, 0, 1, 0, 0, 0, 1, 0.045425, 0.629712, -0.4849 )

[node name="Player" parent="." instance=ExtResource( 1 )]
transform = Transform( 1, 0, 0, 0, 1, 0, 0, 0, 1, -0.0728769, 1.35491, -2.19192 )

[node name="Monster" parent="." instance=ExtResource( 2 )]
transform = Transform( 1, 0, 0, 0, 1, 0, 0, 0, 1, -3.72529e-09, 1.01083, 28.2507 )

[node name="RigidBody" type="RigidBody" parent="."]
editor/display_folded = true
transform = Transform( 1, 0, 0, 0, 1, 0, 0, 0, 1, -3.72529e-09, -1.19209e-07, 0 )
mode = 1

[node name="CollisionShape" type="CollisionShape" parent="RigidBody"]
transform = Transform( 50, 0, 0, 0, 0.5, 0, 0, 0, 50, 0, 0, 0 )
shape = SubResource( 1 )

[node name="CSGMesh" type="CSGMesh" parent="RigidBody"]
transform = Transform( 50, 0, 0, 0, 0.5, 0, 0, 0, 50, 0, 0, 0 )
mesh = SubResource( 2 )

[node name="Grace Watson Quad" parent="." instance=ExtResource( 3 )]
transform = Transform( 1, 0, 0, 0, 1, 0, 0, 0, 1, -2.30997, -0.0578614, -31.1011 )

[node name="Tree_1" type="MeshInstance" parent="."]
transform = Transform( 1, 0, 0, 0, 1, 0, 0, 0, 1, 2.634, 0.342252, 4.77836 )
mesh = ExtResource( 4 )
material/0 = null
material/1 = null
material/2 = null
material/3 = null
material/4 = null
material/5 = null
material/6 = null
material/7 = null
material/8 = null
material/9 = null
material/10 = null
material/11 = null
material/12 = null

[node name="Tree_9" type="MeshInstance" parent="."]
transform = Transform( 1, 0, 0, 0, 1, 0, 0, 0, 1, 34.2973, 0.342252, -32.9787 )
mesh = ExtResource( 4 )
material/0 = null
material/1 = null
material/2 = null
material/3 = null
material/4 = null
material/5 = null
material/6 = null
material/7 = null
material/8 = null
material/9 = null
material/10 = null
material/11 = null
material/12 = null

[node name="Tree_19" type="MeshInstance" parent="."]
transform = Transform( 0.954091, 0, 0.299517, 0, 1, 0, -0.299517, 0, 0.954091, 25.527, 0.342252, -33.7287 )
mesh = ExtResource( 4 )
material/0 = null
material/1 = null
material/2 = null
material/3 = null
material/4 = null
material/5 = null
material/6 = null
material/7 = null
material/8 = null
material/9 = null
material/10 = null
material/11 = null
material/12 = null

[node name="Tree_25" type="MeshInstance" parent="."]
transform = Transform( 0.570931, 0, -0.820998, 0, 1, 0, 0.820998, 0, 0.570931, 21.5592, 0.342252, -33.7287 )
mesh = ExtResource( 4 )
material/0 = null
material/1 = null
material/2 = null
material/3 = null
material/4 = null
material/5 = null
material/6 = null
material/7 = null
material/8 = null
material/9 = null
material/10 = null
material/11 = null
material/12 = null

[node name="Tree_2" type="MeshInstance" parent="."]
transform = Transform( 0.757648, -4.86272e-09, 0.652663, 0, 1, 7.45058e-09, -0.652663, -1.49012e-08, 0.757649, 0.488983, 0.342252, 8.79445 )
mesh = ExtResource( 4 )
material/0 = null
material/1 = null
material/2 = null
material/3 = null
material/4 = null
material/5 = null
material/6 = null
material/7 = null
material/8 = null
material/9 = null
material/10 = null
material/11 = null
material/12 = null

[node name="Tree_10" type="MeshInstance" parent="."]
transform = Transform( 0.757648, -4.86272e-09, 0.652663, 0, 1, 7.45058e-09, -0.652663, -1.49012e-08, 0.757649, 32.1523, 0.342252, -28.9626 )
mesh = ExtResource( 4 )
material/0 = null
material/1 = null
material/2 = null
material/3 = null
material/4 = null
material/5 = null
material/6 = null
material/7 = null
material/8 = null
material/9 = null
material/10 = null
material/11 = null
material/12 = null

[node name="Tree_18" type="MeshInstance" parent="."]
transform = Transform( 0.527382, -9.10263e-09, 0.849629, 0, 1, 7.45058e-09, -0.849629, -1.27606e-08, 0.527382, 24.6833, 0.342252, -29.2545 )
mesh = ExtResource( 4 )
material/0 = null
material/1 = null
material/2 = null
material/3 = null
material/4 = null
material/5 = null
material/6 = null
material/7 = null
material/8 = null
material/9 = null
material/10 = null
material/11 = null
material/12 = null

[node name="Tree_4" type="MeshInstance" parent="."]
transform = Transform( 0.757648, -4.86272e-09, 0.652663, -7.45058e-09, 1, 7.45058e-09, -0.652664, -1.49012e-08, 0.757649, -2.58885, -0.0225555, 16.4959 )
mesh = ExtResource( 5 )
material/0 = null
material/1 = null
material/2 = null
material/3 = null
material/4 = null
material/5 = null
material/6 = null
material/7 = null
material/8 = null
material/9 = null
material/10 = null
material/11 = null
material/12 = null
material/13 = null
material/14 = null
material/15 = null
material/16 = null
material/17 = null
material/18 = null
material/19 = null
material/20 = null
material/21 = null
material/22 = null
material/23 = null
material/24 = null
material/25 = null
material/26 = null
material/27 = null
material/28 = null
material/29 = null
material/30 = null
material/31 = null
material/32 = null
material/33 = null
material/34 = null
material/35 = null
material/36 = null
material/37 = null
material/38 = null
material/39 = null
material/40 = null
material/41 = null

[node name="Tree_16" type="MeshInstance" parent="."]
transform = Transform( 0.757648, -4.86272e-09, 0.652663, -7.45058e-09, 1, 7.45058e-09, -0.652664, -1.49012e-08, 0.757649, 29.0745, -0.0225555, -21.2612 )
mesh = ExtResource( 5 )
material/0 = null
material/1 = null
material/2 = null
material/3 = null
material/4 = null
material/5 = null
material/6 = null
material/7 = null
material/8 = null
material/9 = null
material/10 = null
material/11 = null
material/12 = null
material/13 = null
material/14 = null
material/15 = null
material/16 = null
material/17 = null
material/18 = null
material/19 = null
material/20 = null
material/21 = null
material/22 = null
material/23 = null
material/24 = null
material/25 = null
material/26 = null
material/27 = null
material/28 = null
material/29 = null
material/30 = null
material/31 = null
material/32 = null
material/33 = null
material/34 = null
material/35 = null
material/36 = null
material/37 = null
material/38 = null
material/39 = null
material/40 = null
material/41 = null

[node name="Tree_20" type="MeshInstance" parent="."]
transform = Transform( 0.527382, -9.10263e-09, 0.849629, -7.45058e-09, 1, 7.45058e-09, -0.849629, -1.27606e-08, 0.527382, 24.0535, -0.0225555, -20.9848 )
mesh = ExtResource( 5 )
material/0 = null
material/1 = null
material/2 = null
material/3 = null
material/4 = null
material/5 = null
material/6 = null
material/7 = null
material/8 = null
material/9 = null
material/10 = null
material/11 = null
material/12 = null
material/13 = null
material/14 = null
material/15 = null
material/16 = null
material/17 = null
material/18 = null
material/19 = null
material/20 = null
material/21 = null
material/22 = null
material/23 = null
material/24 = null
material/25 = null
material/26 = null
material/27 = null
material/28 = null
material/29 = null
material/30 = null
material/31 = null
material/32 = null
material/33 = null
material/34 = null
material/35 = null
material/36 = null
material/37 = null
material/38 = null
material/39 = null
material/40 = null
material/41 = null

[node name="Tree_7" type="MeshInstance" parent="."]
transform = Transform( 0.757648, -4.86272e-09, 0.652663, -7.45058e-09, 1, 7.45058e-09, -0.652664, -1.49012e-08, 0.757649, -2.58885, -0.0225557, 12.9753 )
mesh = ExtResource( 5 )
material/0 = null
material/1 = null
material/2 = null
material/3 = null
material/4 = null
material/5 = null
material/6 = null
material/7 = null
material/8 = null
material/9 = null
material/10 = null
material/11 = null
material/12 = null
material/13 = null
material/14 = null
material/15 = null
material/16 = null
material/17 = null
material/18 = null
material/19 = null
material/20 = null
material/21 = null
material/22 = null
material/23 = null
material/24 = null
material/25 = null
material/26 = null
material/27 = null
material/28 = null
material/29 = null
material/30 = null
material/31 = null
material/32 = null
material/33 = null
material/34 = null
material/35 = null
material/36 = null
material/37 = null
material/38 = null
material/39 = null
material/40 = null
material/41 = null

[node name="Tree_13" type="MeshInstance" parent="."]
transform = Transform( 0.757648, -4.86272e-09, 0.652663, -7.45058e-09, 1, 7.45058e-09, -0.652664, -1.49012e-08, 0.757649, 29.0745, -0.0225557, -24.7818 )
mesh = ExtResource( 5 )
material/0 = null
material/1 = null
material/2 = null
material/3 = null
material/4 = null
material/5 = null
material/6 = null
material/7 = null
material/8 = null
material/9 = null
material/10 = null
material/11 = null
material/12 = null
material/13 = null
material/14 = null
material/15 = null
material/16 = null
material/17 = null
material/18 = null
material/19 = null
material/20 = null
material/21 = null
material/22 = null
material/23 = null
material/24 = null
material/25 = null
material/26 = null
material/27 = null
material/28 = null
material/29 = null
material/30 = null
material/31 = null
material/32 = null
material/33 = null
material/34 = null
material/35 = null
material/36 = null
material/37 = null
material/38 = null
material/39 = null
material/40 = null
material/41 = null

[node name="Tree_22" type="MeshInstance" parent="."]
transform = Transform( 0.527382, -9.10263e-09, 0.849629, -7.45058e-09, 1, 7.45058e-09, -0.849629, -1.27606e-08, 0.527382, 22.999, -0.0225557, -24.3437 )
mesh = ExtResource( 5 )
material/0 = null
material/1 = null
material/2 = null
material/3 = null
material/4 = null
material/5 = null
material/6 = null
material/7 = null
material/8 = null
material/9 = null
material/10 = null
material/11 = null
material/12 = null
material/13 = null
material/14 = null
material/15 = null
material/16 = null
material/17 = null
material/18 = null
material/19 = null
material/20 = null
material/21 = null
material/22 = null
material/23 = null
material/24 = null
material/25 = null
material/26 = null
material/27 = null
material/28 = null
material/29 = null
material/30 = null
material/31 = null
material/32 = null
material/33 = null
material/34 = null
material/35 = null
material/36 = null
material/37 = null
material/38 = null
material/39 = null
material/40 = null
material/41 = null

[node name="Tree_8" type="MeshInstance" parent="."]
transform = Transform( 0.757648, -4.86272e-09, 0.652663, -7.45058e-09, 1, 7.45058e-09, -0.652664, -1.49012e-08, 0.757649, -3.41922, -0.0225557, -2.29383 )
mesh = ExtResource( 5 )
material/0 = null
material/1 = null
material/2 = null
material/3 = null
material/4 = null
material/5 = null
material/6 = null
material/7 = null
material/8 = null
material/9 = null
material/10 = null
material/11 = null
material/12 = null
material/13 = null
material/14 = null
material/15 = null
material/16 = null
material/17 = null
material/18 = null
material/19 = null
material/20 = null
material/21 = null
material/22 = null
material/23 = null
material/24 = null
material/25 = null
material/26 = null
material/27 = null
material/28 = null
material/29 = null
material/30 = null
material/31 = null
material/32 = null
material/33 = null
material/34 = null
material/35 = null
material/36 = null
material/37 = null
material/38 = null
material/39 = null
material/40 = null
material/41 = null

[node name="Tree_15" type="MeshInstance" parent="."]
transform = Transform( 0.757648, -4.86272e-09, 0.652663, -7.45058e-09, 1, 7.45058e-09, -0.652664, -1.49012e-08, 0.757649, 28.2441, -0.0225557, -40.0509 )
mesh = ExtResource( 5 )
material/0 = null
material/1 = null
material/2 = null
material/3 = null
material/4 = null
material/5 = null
material/6 = null
material/7 = null
material/8 = null
material/9 = null
material/10 = null
material/11 = null
material/12 = null
material/13 = null
material/14 = null
material/15 = null
material/16 = null
material/17 = null
material/18 = null
material/19 = null
material/20 = null
material/21 = null
material/22 = null
material/23 = null
material/24 = null
material/25 = null
material/26 = null
material/27 = null
material/28 = null
material/29 = null
material/30 = null
material/31 = null
material/32 = null
material/33 = null
material/34 = null
material/35 = null
material/36 = null
material/37 = null
material/38 = null
material/39 = null
material/40 = null
material/41 = null

[node name="Tree_24" type="MeshInstance" parent="."]
transform = Transform( 0.527382, -9.10263e-09, 0.849629, -7.45058e-09, 1, 7.45058e-09, -0.849629, -1.27606e-08, 0.527382, 17.6334, -0.0225557, -38.6631 )
mesh = ExtResource( 5 )
material/0 = null
material/1 = null
material/2 = null
material/3 = null
material/4 = null
material/5 = null
material/6 = null
material/7 = null
material/8 = null
material/9 = null
material/10 = null
material/11 = null
material/12 = null
material/13 = null
material/14 = null
material/15 = null
material/16 = null
material/17 = null
material/18 = null
material/19 = null
material/20 = null
material/21 = null
material/22 = null
material/23 = null
material/24 = null
material/25 = null
material/26 = null
material/27 = null
material/28 = null
material/29 = null
material/30 = null
material/31 = null
material/32 = null
material/33 = null
material/34 = null
material/35 = null
material/36 = null
material/37 = null
material/38 = null
material/39 = null
material/40 = null
material/41 = null

[node name="Tree_26" type="MeshInstance" parent="."]
transform = Transform( 0.897468, -9.57815e-10, 0.441081, -7.45058e-09, 1, 7.45058e-09, -0.441082, -1.56452e-08, 0.897468, 20.3807, -0.0225557, -32.6909 )
mesh = ExtResource( 5 )
material/0 = null
material/1 = null
material/2 = null
material/3 = null
material/4 = null
material/5 = null
material/6 = null
material/7 = null
material/8 = null
material/9 = null
material/10 = null
material/11 = null
material/12 = null
material/13 = null
material/14 = null
material/15 = null
material/16 = null
material/17 = null
material/18 = null
material/19 = null
material/20 = null
material/21 = null
material/22 = null
material/23 = null
material/24 = null
material/25 = null
material/26 = null
material/27 = null
material/28 = null
material/29 = null
material/30 = null
material/31 = null
material/32 = null
material/33 = null
material/34 = null
material/35 = null
material/36 = null
material/37 = null
material/38 = null
material/39 = null
material/40 = null
material/41 = null

[node name="Tree_3" type="MeshInstance" parent="."]
transform = Transform( 0.757648, -4.86272e-09, 0.652663, -7.45058e-09, 1, 7.45058e-09, -0.652663, -1.49012e-08, 0.757649, -0.427524, 0.342252, 12.6993 )
mesh = ExtResource( 4 )
material/0 = null
material/1 = null
material/2 = null
material/3 = null
material/4 = null
material/5 = null
material/6 = null
material/7 = null
material/8 = null
material/9 = null
material/10 = null
material/11 = null
material/12 = null

[node name="Tree_12" type="MeshInstance" parent="."]
transform = Transform( 0.757648, -4.86272e-09, 0.652663, -7.45058e-09, 1, 7.45058e-09, -0.652663, -1.49012e-08, 0.757649, 31.2358, 0.342252, -25.0578 )
mesh = ExtResource( 4 )
material/0 = null
material/1 = null
material/2 = null
material/3 = null
material/4 = null
material/5 = null
material/6 = null
material/7 = null
material/8 = null
material/9 = null
material/10 = null
material/11 = null
material/12 = null

[node name="Tree_23" type="MeshInstance" parent="."]
transform = Transform( 0.527382, -9.10263e-09, 0.849629, -7.45058e-09, 1, 7.45058e-09, -0.849629, -1.27606e-08, 0.527382, 24.9784, 0.342252, -25.2544 )
mesh = ExtResource( 4 )
material/0 = null
material/1 = null
material/2 = null
material/3 = null
material/4 = null
material/5 = null
material/6 = null
material/7 = null
material/8 = null
material/9 = null
material/10 = null
material/11 = null
material/12 = null

[node name="Tree_5" type="MeshInstance" parent="."]
transform = Transform( 0.757648, -4.86272e-09, 0.652663, -7.45058e-09, 1, 7.45058e-09, -0.652663, -1.49012e-08, 0.757649, -0.427524, 0.342252, 17.0792 )
mesh = ExtResource( 4 )
material/0 = null
material/1 = null
material/2 = null
material/3 = null
material/4 = null
material/5 = null
material/6 = null
material/7 = null
material/8 = null
material/9 = null
material/10 = null
material/11 = null
material/12 = null

[node name="Tree_11" type="MeshInstance" parent="."]
transform = Transform( 0.757648, -4.86272e-09, 0.652663, -7.45058e-09, 1, 7.45058e-09, -0.652663, -1.49012e-08, 0.757649, 31.2358, 0.342252, -20.6779 )
mesh = ExtResource( 4 )
material/0 = null
material/1 = null
material/2 = null
material/3 = null
material/4 = null
material/5 = null
material/6 = null
material/7 = null
material/8 = null
material/9 = null
material/10 = null
material/11 = null
material/12 = null

[node name="Tree_21" type="MeshInstance" parent="."]
transform = Transform( 0.527382, -9.10263e-09, 0.849629, -7.45058e-09, 1, 7.45058e-09, -0.849629, -1.27606e-08, 0.527382, 26.2903, 0.342252, -21.0756 )
mesh = ExtResource( 4 )
material/0 = null
material/1 = null
material/2 = null
material/3 = null
material/4 = null
material/5 = null
material/6 = null
material/7 = null
material/8 = null
material/9 = null
material/10 = null
material/11 = null
material/12 = null

[node name="Tree_6" type="MeshInstance" parent="."]
transform = Transform( 0.757648, -4.86272e-09, 0.652663, -7.45058e-09, 1, 7.45058e-09, -0.652664, -1.49012e-08, 0.757649, -2.75626, 0.342252, 18.6715 )
mesh = ExtResource( 4 )
material/0 = null
material/1 = null
material/2 = null
material/3 = null
material/4 = null
material/5 = null
material/6 = null
material/7 = null
material/8 = null
material/9 = null
material/10 = null
material/11 = null
material/12 = null

[node name="Tree_14" type="MeshInstance" parent="."]
transform = Transform( 0.757648, -4.86272e-09, 0.652663, -7.45058e-09, 1, 7.45058e-09, -0.652664, -1.49012e-08, 0.757649, 28.9071, 0.342252, -19.0856 )
mesh = ExtResource( 4 )
material/0 = null
material/1 = null
material/2 = null
material/3 = null
material/4 = null
material/5 = null
material/6 = null
material/7 = null
material/8 = null
material/9 = null
material/10 = null
material/11 = null
material/12 = null

[node name="Tree_17" type="MeshInstance" parent="."]
transform = Transform( 0.527382, -9.10263e-09, 0.849629, -7.45058e-09, 1, 7.45058e-09, -0.849629, -1.27606e-08, 0.527382, 24.5454, 0.342252, -18.8589 )
mesh = ExtResource( 4 )
material/0 = null
material/1 = null
material/2 = null
material/3 = null
material/4 = null
material/5 = null
material/6 = null
material/7 = null
material/8 = null
material/9 = null
material/10 = null
material/11 = null
material/12 = null

[node name="BakedLightmap" type="BakedLightmap" parent="."]
transform = Transform( 1, 0, 0, 0, -0.0667773, 0.997768, 0, -0.997768, -0.0667773, 0.167926, 2.04145, 4.8885 )
bake_extents = Vector3( 100, 100, 10 )
capture_cell_size = 0.01
light_data = SubResource( 3 )

[node name="BakedLightmap2" type="BakedLightmap" parent="."]
transform = Transform( 1, 0, 0, 0, -0.0667773, 0.997768, 0, -0.997768, -0.0667773, 0.167926, 2.04145, -28.7919 )
bake_extents = Vector3( 100, 100, 10 )
capture_cell_size = 0.01
light_data = SubResource( 3 )

[node name="BakedLightmap3" type="BakedLightmap" parent="."]
transform = Transform( 1, 0, 0, 0, -0.0667773, 0.997768, 0, -0.997768, -0.0667773, -30.1385, 2.04145, -20.3613 )
bake_extents = Vector3( 100, 100, 10 )
capture_cell_size = 0.01
light_data = SubResource( 3 )

[node name="BakedLightmap4" type="BakedLightmap" parent="."]
transform = Transform( 1, 0, 0, 0, -0.0667773, 0.997768, 0, -0.997768, -0.0667773, -30.1385, 2.04145, 15.1798 )
bake_extents = Vector3( 100, 100, 10 )
capture_cell_size = 0.01
light_data = SubResource( 3 )

[node name="BakedLightmap5" type="BakedLightmap" parent="."]
transform = Transform( 1, 0, 0, 0, -0.0667773, 0.997768, 0, -0.997768, -0.0667773, 21.777, 2.04145, 15.1798 )
bake_extents = Vector3( 100, 100, 10 )
capture_cell_size = 0.01
light_data = SubResource( 3 )

[node name="BakedLightmap6" type="BakedLightmap" parent="."]
transform = Transform( 1, 0, 0, 0, -0.0667773, 0.997768, 0, -0.997768, -0.0667773, 21.777, 2.04145, -20.7391 )
bake_extents = Vector3( 100, 100, 10 )
capture_cell_size = 0.01
light_data = SubResource( 3 )

[node name="CanvasLayer" type="CanvasLayer" parent="."]

[node name="UI" parent="CanvasLayer" instance=ExtResource( 6 )]
script = ExtResource( 7 )

[node name="SpotLight" type="SpotLight" parent="."]
transform = Transform( 1, 0, 0, 0, 0.77114, 0.636665, 0, -0.636665, 0.77114, 8.60196, 4.05027, 5.73987 )
visible = false
light_energy = 1.3
light_indirect_energy = 1.5
light_specular = 1.0
spot_range = 10.126

[node name="collectableHead1" parent="." instance=ExtResource( 8 )]
transform = Transform( 1, 0, 0, 0, 1, 0, 0, 0, 1, 26.8307, 1.48644, 0 )

[node name="collectableHead2" parent="." instance=ExtResource( 8 )]
transform = Transform( 1, 0, 0, 0, 1, 0, 0, 0, 1, 12.6008, 0.699741, -15.0602 )

[node name="collectableHead3" parent="." instance=ExtResource( 8 )]
transform = Transform( 1, 0, 0, 0, 1, 0, 0, 0, 1, 33.7881, 1.48644, 0 )

[node name="collectableHead4" parent="." instance=ExtResource( 8 )]
transform = Transform( 1, 0, 0, 0, 1, 0, 0, 0, 1, 26.8307, 1.48644, 28.3639 )

[node name="collectableHead5" parent="." instance=ExtResource( 8 )]
transform = Transform( 1, 0, 0, 0, 1, 0, 0, 0, 1, -26.2471, 1.67188, -28.1395 )

[node name="collectableHead6" parent="." instance=ExtResource( 8 )]
transform = Transform( 1, 0, 0, 0, 1, 0, 0, 0, 1, -2.28218, 0.94121, -18.9587 )

[node name="collectableHead7" parent="." instance=ExtResource( 8 )]
transform = Transform( 1, 0, 0, 0, 1, 0, 0, 0, 1, -28.324, 1.48644, 0 )

[node name="collectableHead8" parent="." instance=ExtResource( 8 )]
transform = Transform( 1, 0, 0, 0, 1, 0, 0, 0, 1, 12.8633, 1.48644, 0 )
